# Created by Octave 6.2.0, Mon Apr 12 10:52:43 2021 GMT <unknown@LAPTOP-I9B7SQ81>
# name: ans
# type: scalar
0.90909090909090906


# name: res
# type: scalar
0.40000000000000002


